-326487563
-983388013
-1017507003
2130017203
-1776471619
-427949991
-107470514
1507174615
-568490786
-1533044519
-2074964921
1003587082
1996050949
1195634494
-1231917800
-1108490523
148679527
1802358895
52012713
-1851657194
615652857
-361403550
-894710727
3471911
930913898
-1315525189
1305803553
-1271788011
-980907835
-1100534463
-120798411
-329629351
1993269372
-212981346
-528731136
-1062822873
-623289958
1370338683
1618403876
-273336701
-88916007
619087475
-576277712
-509071210
-1850066184
954038326
-770989265
-1633373534
401709576
60438793
661913664
-943262656
1671172924
-1159845456
-584351867
-467261388
446578920
-401493996
-1032041418
1387350522
1218792740
1807269000
2036787097
-1610645856
2039158301
77304626
815949867
-573039798
1832137918
-910951035
623327277
212333979
1738534658
1750841440
1985978439
1601581878
-315893257
1252817360
1857369049
2087107359
430281314
1318096128
-357558862
17533737
1433106994
1708119021
1540837039
-243911602
893308687
234127291
-90138609
1018152789
-1934559907
-510071301
1837067265
842448609
1835844936
2123859680
-1746774073
1502770286
2013819374
-1670653483
813673409
-1113980530
-869481179
-1800726029
162556463
1424257365
1882031456
686456650
586160315
1996441445
-1393626192
-145087150
467563508
-158665550
1521250104
1003152011
-988278382
1438911353
-196890125
-1308891618
-1420330909
743889199
-1456791225
-2001033764
528893429
930364584
-1244093083
-1643839321
-1624092848
-872314577
2031100154
1769455346
1945075665
-1880655062
124945721
-691610596
949367371
-520283908
33689187
-1559114768
1104925555
743562355
1943149505
1594413666
1497427132
-648006993
-449702278
1911829041
-1956190127
-1599460845
1645611122
-987232896
-1711348152
-2049154587
-514381226
-169906425
1199041059
406017260
-457543765
-1758870680
562305601
1721811124
328901699
-890086416
2956192
-205394092
-43142672
1894335747
54096302
1570635930
1532909137
2125092353
-189901939
-1804813936
-1274103255
859750446
-908204983
874433458
1035875407
1478195067
37535425
-665228979
-853316494
1569964178
128911864
-97003125
1791440808
-373886307
171036995
-1915727278
-1509277221
-1193898533
-123539585
-253054639
98778124
-1477160814
-1621066651
1002696716
-1934263891
527637534
1830351519
2014977343
1273080211
1920056947
1478066554
-1701701624
-2037977293
186501772
1546017464
-1641455336
-693079877
-1238296531
-579851903
-253939553
1372220179
-228771851
-1681602281
-20506975
-1595254565
-499029954
-937711381
-356536490
-166573457
605424562
-300761411
191423008
751141593
-553818486
1625443205
878438237
-313034311
1568264949
-1716899405
1504265582
1396269883
803145509
-1251638053
2123570680
-506729080
-1870215176
2128757504
1280850790
554192905
1893460634
730840154
-884038913
1344535059
-1894887961
-68082900
-981133606
1726070237
-645466034
793187025
496832171
518506446
1671032401
889593196
1639630921
915302729
606691238
672346292
1017508593
-2102536013
-348557651
-1341207266
-1482830670
-268337706
-1506951416
1384861239
-396094791
-1519776181
472869140
510834324
-1953985526
1419362560
1881177439
-2019701812
1564760275
1218215478
1101219781
171357458
-453078724
-296123249
-586070693
1732741410
-1338681341
456428987
-1052176765
-999862141
397512604
-1245805376
548004670
-555365434
-1704452149
775313694
-95959603
786011046
-805682631
-803462563
-1391653461
-164575867
1881982452
-1030184451
1897499390
236967780
1854939345
1056030725
1373732575
2050711459
-768597232
-1582496046
945663799
913523052
-142231544
-540483966
703569839
1415504274
-2094618193
1763299322
1539525284
-707529027
-558159533
239338051
1914760077
194472494
457482941
-1520812664
1481333540
514880744
1579057227
480483155
266888277
-865799652
-1589937617
613338438
945729343
-170942727
206368845
-934760248
629756900
-1172216681
1610080334
320280824
1667918162
-17545274
586210661
2019322494
-1523678703
-501800648
679715802
360244049
1897230099
847666226
468565589
1448269251
1224358104
-2044416236
-1534001374
1223098793
748772279
2107212277
-1440820525
-381380828
-1942696691
1077272455
-1139830787
736625290
1788861709
-1004837009
-113578897
-304004055
589956914
-894828341
2076422033
-134244551
-1965698809
-1913185712
-1345737845
-65292137
-1806257514
-867311031
-2083583726
-1449254164
1404926072
1572119114
-778608997
-435729691
-104805784
-1485634226
-1162618376
485694596
1886946993
865852558
468567586
512328705
-1666711569
1878648919
-322269337
1456183897
-1342108451
-965936756
1442637400
-1275295884
1771011834
1670707778
472157657
-1085494251
-279594576
-1177976212
-1627918051
1422500311
-1644346385
-1408586849
1680062625
-1272908267
-255451139
1607210105
-1507337875
-813115666
1686516613
1515189716
829571682
1858028968
262557069
-929094824
1693182672
-1313030509
-1054454040
589020446
-754982527
865937739
2082635818
-2064855148
975710078
-928946060
1181594856
949410096
1459362385
1994464670
-1589838390
1498666290
334172040
762034101
-1698507556
1022213999
-2186481
1573188982
1795300789
-31012090
-333662998
-1654713561
-502802203
1391665561
-165007102
1971993025
2062172827
645284545
1830429113
488440643
564253908
-1967536873
-798295548
712325994
716783589
-477876501
-1619851767
-1669379769
776933460
-1029462316
1088991148
-1577635108
456637362
756194037
-1380181339
98735281
-1560352057
-106442210
-876875810
1977873539
-1304934904
-94229449
-1683878593
1185243804
780172857
-701794376
-1473253399
1755870138
-1008376729
-145828696
161131509
-1715970777
1987026354
778652788
1048611337
-135988241
-1002360041
1907824741
-82137213
169268342
9362665
990873802
-1866486111
-46306373
1260434763
-1426745146
-328340959
-1739959147
1161389214
-97280100
-1895888350
-1382412510
-1273473894
-2083390039
1998343097
1661677646
-896265523
-1541372756
-1934150415
-1423429384
-863392439
-2028790752
1812708540
1284376539
-805112511
-1760613436
-1313498241
-1026226528
1569269027
-171293790
-1341794995
1902905579
1208202967
-228354203
-1761514819
-371747326
-766577415
430642074
-814161685
1929299459
117067213
382016447
1963229518
-291886444
-890791312
-536860877
2101738413
1055147958
1054588524
-1085222021
-1042287202
805116574
840739224
936454324
-323040489
-283208192
-1719849093
-440946962
-1161685111
-2016122211
-237172
1209422139
-1313656799
1791777278
-463185642
-1005544147
189891488
-1240653165
872009999
322714563
1092173371
463330922
-1188650710
1214689353
-1233346087
-1838478201
885106196
-1192343020
-1091393732
-1402641734
-688911601
1542939506
440981598
-890542158
1937877952
-607580751
-518503302
-959026380
1764068243
-1385536701
-168281621
-501561649
-893479462
1333397610
1918574652
206736862
-1625155238
-924799925
271176164
944212057
-776981874
1450293336
-1859947376
-1472778343
-146161691
1007371514
-775759632
-1443797043
-1729751838
1903745608
-1410194754
-1994720654
-2102743557
275894495
-1464386811
-1235196292
1417556948
1954742432
529662256
1815615370
-1052540383
955610769
-1264195024
1427380781
-131790298
901305770
-942167104
1612159518
2068717257
1181909667
1292934570
-1250493836
1634134460
1920667679
982043085
819825051
725522145
1802043953
-599315222
-1908835717
136187343
1159682134
-2105961661
1137855603
1653713086
-767010114
1376455709
202055664
-590020669
-167336788
796839815
-26119191
990125167
-1068417083
489512727
1567875305
-1386222881
1918824080
-385441893
-1759391809
-54833459
-1871751534
865399669
219281689
1298990252
-1796210734
-627672567
-1754114413
-104733810
-207794630
1416948475
1997721294
1427544113
1468763341
1974734467
-1658828983
2106637595
175362967
-501745829
246977381
881566578
-67315492
-57545994
-2038931358
-1839826393
1266103092
944621005
1243332397
107778311
223222474
-2061395997
-475536545
1530533519
-1928532193
-2019843534
-371818327
1044921946
1995152617
1101287881
178599302
109092818
-1722760514
63071056
-271436197
2137276850
-1337565132
-1451213124
1168745764
1746372423
48290775
-1465253509
-165326679
117818295
-2065382155
335843720
120551363
-8999679
-346619636
1006813010
-540060798
-660775165
1700959451
667635600
1809533368
1750941256
1058639396
-1418336932
1928131197
-1557278591
-701585135
-460502393
-1788265331
654529608
-686839023
1046536645
-682822352
-110078074
-359757561
1820121881
1540432971
-2071525944
1278104462
387798188
-260340054
-1701580289
-1219936806
-1995526678
-1300734139
1740971850
-284445439
315674335
-444413743
-1508980896
2017246886
769513522
-213769209
-2088048960
-1111656222
1732130157
-802308577
434280116
1144679795
876036391
1806616466
-1215925357
-1643242079
1023320451
1991730590
-758081986
-757746594
874162445
-866267960
704901721
-1772974726
-1408606238
-900410345
-1431966677
-1034958230
1337757634
1456516813
-1530012292
2145680495
1762911863
-1310987729
1704500743
-800302355
-1248308473
320943927
-1149284384
501196488
1898944539
-1736253535
-1970398510
-105404449
2143907600
-396605491
1699762760
1075632471
-953349834
489127830
-302960043
1545163522
-1820810154
-2050227622
-345924649
1015845157
1773804011
415295704
423694520
-1817437019
1172855089
-1705104176
1708930989
1536090470
-1013520619
767395984
901192879
-300651570
-576720629
294964211
-259548831
-384153557
-986835878
-665702517
181473050
880613962
1468828540
-339366118
-82122751
1541597712
-455759836
2010398838
-1608476722
778867900
-1096848560
505515549
-243922243
1905497689
2062112415
-257339279
-2024840094
1211200139
532586946
505562473
1226116255
-239305940
-1409247326
-2008076692
309119575
555470305
1036475483
224749899
-1422070558
-521649007
1462769239
1237974611
-1660686896
258828454
-835281837
554920690
-703628545
1978119500
-202864881
2124620665
-800537857
662709944
-775610460
-1103573761
-1751667944
1703546153
2020869081
606726695
-10591451
515232639
1853692210
-1747418169
926426752
1266328771
804563631
1037089425
2029404442
-1575102152
401444245
-409300863
1616653522
1909132724
-235863089
1813579255
-2145760660
1688435916
-1840126528
-1185587358
-1186666944
1273748612
-1610207399
502932115
-1527103180
1498806536
2070118601
-1270117065
-1697140311
389685248
-502366719
-1684760490
-496390216
-721153293
-2103021191
611480481
-1897864668
202014732
760851009
-2029329146
-776422039
1273693684
-1099167462
681747401
790767625
-1172614960
-1939075257
-712935676
-1745293595
845166393
-1069138744
-485193758
-1374147618
-1752698890
-1121319528
2021253891
441284980
1613544355
1422255334
-90483264
-189714727
-394786356
564226671
-676506057
-697057952
-1519719123
-1358570012
-91500929
1047621511
1976726107
-1146760481
-440207623
1020515373
1023861323
-1976955647
-153601780
-765850378
-1811542583
1299292016
-1743489631
-1520473642
1256450842
-1031955990
1228542142
-529196411
1843142035
413336836
894235447
1062035403
1379014610
-1038515506
637160109
-123712890
455978332
317158171
2006208473
1953720478
1892254415
-1984015640
597836106
-1375588702
-196468523
1631091364
-352590964
601107841
-843785025
-609831964
1645551120
202880474
-1569641576
1131017220
-822115740
-1918575728
-924056521
-1896429279
1805078326
1733200825
1768851303
873979696
1791559621
-1279803879
698107889
-1721578481
-645112743
972985850
-1576727320
-988606245
